133 262
0.156459 0.309434 -0.132210
0.025113 0.438097 -0.050445
0.268549 0.467069 -0.001091
0.334863 0.286956 -0.060913
0.403619 0.349078 0.145440
0.042144 0.482952 0.201154
0.173911 0.469340 0.247894
0.071732 0.309322 0.338956
0.338097 0.384080 0.241551
-0.087480 0.340909 0.172139
-0.087097 0.278672 0.031941
-0.107970 0.264501 0.160698
0.097717 0.238112 -0.138064
-0.007151 0.288460 -0.091611
0.346094 -0.466866 -0.045756
0.223826 -0.444385 -0.118909
0.261697 -0.416507 -0.225420
0.171040 -0.492346 0.060107
0.071107 -0.502704 0.097355
0.093208 -0.401386 0.120320
-0.436003 -0.288593 -0.103509
-0.403632 -0.252877 -0.183588
-0.419931 -0.411054 -0.201164
-0.365199 -0.124129 -0.031788
-0.365640 -0.172114 0.027583
-0.366780 -0.455471 -0.048342
-0.420904 -0.441448 -0.093856
-0.273112 -0.446914 -0.085639
-0.329144 -0.298695 0.018420
-0.057562 -0.127143 0.082586
-0.213957 -0.354129 0.092802
-0.090741 -0.372531 0.120819
-0.239644 -0.473259 0.020507
-0.132336 -0.496658 0.091327
-0.040252 -0.056007 -0.172516
0.078377 -0.097723 -0.238202
0.014232 -0.316521 -0.330961
-0.293682 -0.098394 -0.133790
-0.244112 -0.382749 -0.317510
-0.236980 -0.270958 -0.300075
-0.105211 -0.285212 -0.325602
-0.171682 -0.097721 -0.217865
-0.330192 -0.305464 -0.216807
-0.332408 -0.187490 -0.191203
-0.359332 -0.401389 -0.240791
-0.304210 -0.407840 -0.225044
0.269615 0.338666 0.335032
0.274289 0.197303 0.357258
0.399978 0.153935 0.255711
0.437505 0.193579 0.117558
-0.000725 0.279652 0.293975
0.029036 0.203501 0.294082
-0.042316 0.189718 0.211732
0.132687 0.125933 0.317778
0.237209 0.058288 0.306200
-0.037780 0.119599 0.239093
0.006863 0.071902 0.216557
0.067760 -0.044930 0.251100
0.002948 -0.061889 0.140232
0.338315 0.187675 -0.047560
0.244146 0.023582 0.237192
0.310805 0.042418 0.217283
0.275841 0.127587 -0.030345
0.351187 0.088888 0.070727
0.337812 0.035760 0.122002
0.152499 -0.059241 0.243255
0.201245 -0.026112 0.285236
0.163202 -0.143771 0.147729
0.219237 -0.084736 0.179650
0.288807 -0.031889 0.150835
0.279403 -0.053592 0.206086
0.288743 -0.043056 0.040192
0.234833 -0.083289 0.065461
0.156164 0.169647 -0.104345
0.048362 0.181604 -0.120107
0.250058 0.244815 -0.112752
0.226568 0.186818 -0.106910
0.156798 0.109294 -0.113335
0.174440 0.034325 -0.043970
0.193440 0.113418 -0.061891
0.091588 -0.106952 0.056747
0.128976 -0.077478 -0.020483
0.112623 0.010900 -0.067839
0.226056 -0.318744 0.052474
0.293716 -0.326636 -0.009099
0.383113 -0.286721 -0.087029
0.186219 -0.152897 -0.024293
0.305364 -0.146084 -0.034187
0.078452 -0.150393 0.053857
0.064528 -0.231377 0.089093
0.124617 -0.056066 -0.082875
0.152498 -0.050721 -0.125828
-0.100481 0.195007 0.043644
-0.179441 0.187916 0.051107
-0.076213 0.098694 0.089403
-0.074826 0.228060 -0.102609
-0.139460 0.288826 -0.066140
-0.092705 0.308197 -0.117080
-0.102924 0.168981 -0.079574
-0.133117 0.220893 -0.077020
-0.206995 0.206291 -0.054148
-0.052261 0.198348 -0.050888
-0.030616 0.245000 -0.075060
-0.100778 0.303811 -0.050516
-0.144656 0.319670 -0.001920
-0.183991 0.244402 -0.008511
-0.196167 0.202421 0.007355
-0.195915 0.151237 -0.014910
-0.139712 0.177719 -0.021781
-0.132378 0.122115 0.003603
-0.092164 0.065151 -0.006027
-0.072848 0.134593 0.011481
0.052306 0.119415 -0.091499
-0.012449 0.119537 -0.075124
-0.247079 -0.159442 0.031775
-0.142791 -0.080228 0.032842
-0.152143 -0.031032 -0.026814
-0.125625 -0.014124 -0.101440
-0.038602 0.078662 -0.061650
0.005966 0.029762 -0.106339
0.302738 -0.119180 -0.105579
0.221110 -0.096073 -0.181204
0.395935 -0.427411 -0.181101
0.334108 -0.412556 -0.243167
0.281174 -0.253272 -0.234676
0.366336 -0.226702 -0.149072
0.343812 -0.216402 -0.186808
0.198747 -0.193417 -0.258922
0.127691 -0.262805 -0.315623
-0.097090 -0.370643 -0.365475
0.012835 -0.375178 -0.359108
0.179999 -0.389000 -0.318986
0.111738 -0.382266 -0.341615
3 0 1 2
3 0 2 3
3 3 2 4
3 2 5 6
3 6 5 7
3 5 2 1
3 6 8 4
3 6 4 2
3 7 5 9
3 1 9 5
3 10 11 9
3 9 1 10
3 12 13 0
3 13 10 1
3 0 13 1
3 14 15 16
3 17 18 15
3 18 17 19
3 20 21 22
3 23 20 24
3 21 20 23
3 25 26 27
3 24 20 26
3 22 26 20
3 28 26 25
3 28 24 26
3 25 27 28
3 29 30 31
3 19 31 18
3 32 33 30
3 33 32 27
3 28 32 30
3 28 27 32
3 31 33 18
3 31 30 33
3 34 35 36
3 23 37 21
3 38 39 40
3 40 39 41
3 34 40 41
3 36 40 34
3 39 38 42
3 43 21 37
3 43 37 41
3 42 43 39
3 43 41 39
3 44 45 22
3 21 44 22
3 44 21 43
3 45 44 42
3 42 44 43
3 38 45 42
3 45 18 33
3 27 45 33
3 45 27 26
3 22 45 26
3 6 46 8
3 47 46 7
3 7 46 6
3 4 48 49
3 4 49 3
3 48 4 8
3 48 8 46
3 48 46 47
3 11 50 9
3 51 50 11
3 11 52 51
3 50 51 7
3 7 9 50
3 7 51 47
3 53 54 47
3 47 54 48
3 47 51 53
3 55 52 56
3 55 56 51
3 56 53 51
3 55 51 52
3 57 56 58
3 56 57 53
3 29 58 56
3 3 49 59
3 60 61 54
3 61 48 54
3 62 59 63
3 63 59 49
3 63 49 64
3 64 49 48
3 61 64 48
3 65 60 66
3 65 66 57
3 57 58 65
3 65 58 67
3 65 67 68
3 60 54 66
3 54 53 66
3 66 53 57
3 64 61 69
3 70 69 61
3 70 61 60
3 65 70 60
3 68 70 65
3 71 62 63
3 71 63 64
3 69 71 64
3 72 69 70
3 68 72 70
3 72 71 69
3 67 72 68
3 73 74 12
3 12 0 75
3 0 3 75
3 75 3 59
3 75 59 76
3 76 59 62
3 73 76 77
3 12 75 76
3 73 12 76
3 78 79 62
3 79 76 62
3 73 78 74
3 77 79 78
3 79 77 76
3 77 78 73
3 80 81 67
3 67 58 80
3 82 78 81
3 78 62 81
3 71 81 62
3 81 71 72
3 81 72 67
3 83 17 84
3 17 83 19
3 84 17 15
3 14 84 15
3 85 84 14
3 84 86 83
3 84 85 87
3 87 86 84
3 88 89 86
3 88 81 80
3 88 80 58
3 29 89 88
3 88 58 29
3 89 29 31
3 19 89 31
3 89 19 83
3 86 89 83
3 90 91 82
3 81 90 82
3 90 86 91
3 90 81 88
3 90 88 86
3 91 86 87
3 52 11 92
3 10 92 11
3 10 93 92
3 56 94 29
3 94 52 92
3 52 94 56
3 95 96 97
3 98 99 95
3 99 100 96
3 99 96 95
3 101 102 74
3 95 102 101
3 98 95 101
3 97 102 95
3 97 13 102
3 12 102 13
3 102 12 74
3 10 103 104
3 103 10 13
3 97 103 13
3 104 103 96
3 97 96 103
3 105 106 93
3 100 106 105
3 105 93 10
3 10 104 105
3 104 96 105
3 96 100 105
3 107 108 106
3 99 98 108
3 92 108 109
3 92 93 108
3 93 106 108
3 100 108 107
3 100 99 108
3 100 107 106
3 110 94 111
3 92 111 94
3 111 92 109
3 109 108 111
3 108 98 111
3 111 98 101
3 74 112 101
3 74 78 112
3 82 112 78
3 101 112 113
3 111 101 113
3 23 114 115
3 24 114 23
3 28 114 24
3 114 28 30
3 115 114 29
3 114 30 29
3 94 115 29
3 37 116 117
3 110 117 116
3 116 37 23
3 23 115 116
3 94 116 115
3 116 94 110
3 117 34 41
3 41 37 117
3 34 117 118
3 117 110 118
3 111 118 110
3 111 113 118
3 113 119 118
3 112 119 113
3 82 119 112
3 91 119 82
3 119 34 118
3 34 119 35
3 91 120 121
3 121 35 119
3 121 119 91
3 87 120 91
3 85 120 87
3 14 122 85
3 14 16 122
3 123 122 16
3 16 124 123
3 120 85 125
3 85 122 125
3 120 125 126
3 125 122 126
3 126 122 123
3 123 124 126
3 121 120 126
3 127 124 128
3 128 35 127
3 35 128 36
3 35 121 127
3 126 127 121
3 124 127 126
3 45 129 130
3 129 45 38
3 40 129 38
3 130 129 36
3 40 36 129
3 124 131 128
3 124 16 131
3 18 132 15
3 45 132 18
3 132 128 131
3 16 132 131
3 16 15 132
3 130 132 45
3 36 132 130
3 36 128 132
