12 20
0  0.85065080835203993  0.52573111211913  0
1 -0.85065080835203993  0.52573111211913  0
2  0.85065080835203993 -0.52573111211913  0
3 -0.85065080835203993 -0.52573111211913  0
4  0.52573111211913  0  0.85065080835203993  
5  0.52573111211913  0 -0.85065080835203993  
6 -0.52573111211913  0  0.85065080835203993  
7 -0.52573111211913  0 -0.85065080835203993  
8  0  0.85065080835203993 0.52573111211913  
9  0 -0.85065080835203993 0.52573111211913  
10 0  0.85065080835203993 -0.52573111211913  
11 0 -0.85065080835203993 -0.52573111211913
0 0 8 4
1 0 5 10
2 2 4 9
3 2 11 5
4 1 6 8
5 1 10 7
6 3 9 6
7 3 7 11
8 0 10 8
9 1 8 10
10 2 9 11
11 3 11 9
12 4 2 0
13 5 0 2
14 6 1 3
15 7 3 1
16 8 6 4
17 9 4 6
18 10 5 7
19 11 7 5


4 4 2
0 1 -1 0 
1 1 1 0
2 -1 1 0
3 -1 -1 0
0 0 0 1
1 0 0 1
2 0 0 1
3 0 0 1
0 3 2 0
1 0 1 2
t  = 1,6180339887498948482045868343656
t1 = 0,52573111211913360602566908484789

