4 4
0  0.816496580927  0 -0.577350269189
1 -0.816496580927  0 -0.577350269189
2  0  0.816496580927  0.577350269189
3  0 -0.8164965809277 0.577350269189
0 0 2 1
1 1 3 0
2 0 3 2
3 2 3 1



4 4

0 10 0 0

1 -10 0 0

2 0 10 0

3 5 5 10

0 0 2 1

1 1 3 0

2 0 3 2

3 2 3 1




FORMATO

Primeira linha

N M //N vertices e M triangulos



Proximas N linhas

Index x y z


Proximas M linhas

Index Vertice1 Vertice2 Vertice 3

0.816496580927
0.866025403784


0,81649658092772603273242802490199
0,57735026918962576450914878050198

